- name: Devou Park
  x: 39.080896
  y: -84.528479

- name: Valley Park, Camp Washington
  x: 39.141849
  y: -84.538387

